0.0001 0.052675
0.000104197 0.0554436
0.000108571 0.0583372
0.000113128 0.0613613
0.000117877 0.064522
0.000122825 0.0678259
0.00012798 0.0712801
0.000133352 0.0748923
0.00013895 0.078671
0.000144782 0.0826255
0.000150859 0.0867661
0.000157191 0.091104
0.000163789 0.0956517
0.000170664 0.100423
0.000177828 0.105434
0.000185292 0.110701
0.00019307 0.116244
0.000201174 0.122312
0.000209618 0.130258
0.000218417 0.138931
0.000227585 0.148442
0.000237137 0.158925
0.000247091 0.170547
0.000257463 0.183515
0.00026827 0.198091
0.00027953 0.214612
0.000291263 0.233515
0.000303489 0.255383
0.000316228 0.281006
0.000329501 0.311485
0.000343332 0.348396
0.000357743 0.394087
0.000372759 0.452209
0.000388406 0.528761
0.000404709 0.609771
0.000421697 0.644463
0.000439397 0.68233
0.000457841 0.723876
0.000477058 0.769721
0.000497083 0.820632
0.000517947 0.877575
0.000539688 0.941774
0.000562341 1.01481
0.000585945 1.09878
0.00061054 1.19646
0.000636167 1.31169
0.00066287 1.44988
0.000690694 1.61892
0.000719686 1.73614
0.000749894 1.82117
0.000781371 1.91348
0.000814168 2.0142
0.000848343 2.12466
0.000883952 2.2465
0.000921055 2.38177
0.000959716 2.53301
0.001 2.70347
0.00104197 2.79331
0.00108571 2.88779
0.00113128 2.98736
0.00117877 3.09258
0.00122825 3.20404
0.0012798 3.32247
0.00133352 3.44867
0.0013895 3.58359
0.00144782 3.72834
0.00150859 3.88421
0.00157191 4.05273
0.00163789 4.23572
0.00170664 4.43538
0.00177828 4.65433
0.00185292 4.89581
0.0019307 5.16378
0.00201174 5.43805
0.00209618 5.57901
0.00218417 5.7261
0.00227585 5.87987
0.00237137 6.04093
0.00247091 6.21
0.00257463 6.38786
0.0026827 6.57539
0.0027953 6.77361
0.00291263 6.98368
0.00303489 7.20689
0.00316228 7.44477
0.00329501 7.69906
0.00343332 7.97178
0.00357743 8.26529
0.00372759 8.58237
0.00388406 8.92629
0.00404709 9.24916
0.00421697 9.45933
0.00439397 9.67867
0.00457841 9.908
0.00477058 10.1482
0.00497083 10.4003
0.00517947 10.6655
0.00539688 10.945
0.00562341 11.2402
0.00585945 11.5527
0.0061054 11.8845
0.00636167 12.2375
0.0066287 12.6143
0.00690694 13.0176
0.00719686 13.3472
0.00749894 13.643
0.00781371 13.953
0.00814168 14.2783
0.00848343 14.6204
0.00883952 14.9809
0.00921055 15.3615
0.00959716 15.7643
0.01 16.1914
0.0104197 16.4852
0.0108571 16.7901
0.0113128 17.1071
0.0117877 17.437
0.0122825 17.7808
0.012798 18.1396
0.0133352 18.5148
0.013895 18.9075
0.0144782 19.3194
0.0150859 19.752
0.0157191 20.2072
0.0163789 20.687
0.0170664 21.1937
0.0177828 21.7298
0.0185292 22.2983
0.019307 22.9023
0.0201174 23.5068
0.0209618 23.9044
0.0218417 24.3169
0.0227585 24.7454
0.0237137 25.1908
0.0247091 25.6546
0.0257463 26.1378
0.026827 26.642
0.027953 27.1687
0.0291263 27.7195
0.0303489 28.2963
0.0316228 28.901
0.0329501 29.5359
0.0343332 30.2033
0.0357743 30.9059
0.0372759 31.6466
0.0388406 32.4286
0.0404709 33.174
0.0421697 33.7447
0.0439397 34.3373
0.0457841 34.9532
0.0477058 35.5938
0.0497083 36.2605
0.0517947 36.9551
0.0539688 37.6792
0.0562341 38.4348
0.0585945 39.2238
0.061054 40.0484
0.0636167 40.9108
0.066287 41.8136
0.0690694 42.7594
0.0719686 43.6008
0.0749894 44.4022
0.0781371 45.2345
0.0814168 46.0995
0.0848343 46.9988
0.0883952 47.9342
0.0921055 48.9077
0.0959716 49.9212
0.1 50.9768
0.104197 51.8686
0.108571 52.7914
0.113128 53.7465
0.117877 54.7355
0.122825 55.7595
0.12798 56.8202
0.133352 57.9189
0.13895 59.0573
0.144782 60.2369
0.150859 61.4594
0.157191 62.7264
0.163789 64.0396
0.170664 65.4008
0.177828 66.8118
0.185292 68.2742
0.19307 69.7901
0.201174 71.3271
0.209618 72.7078
0.218417 74.1333
0.227585 75.6047
0.237137 77.1233
0.247091 78.6906
0.257463 80.3077
0.26827 81.9759
0.27953 83.6966
0.291263 85.4709
0.303489 87.3001
0.316228 89.1853
0.329501 91.1278
0.343332 93.1287
0.357743 95.189
0.372759 97.3096
0.388406 99.4917
0.404709 101.699
0.421697 103.873
0.439397 106.106
0.457841 108.399
0.477058 110.752
0.497083 113.167
0.517947 115.643
0.539688 118.181
0.562341 120.781
0.585945 123.444
0.61054 126.169
0.636167 128.956
0.66287 131.806
0.690694 134.718
0.719686 137.641
0.749894 140.602
0.781371 143.622
0.814168 146.7
0.848343 149.837
0.883952 153.032
0.921055 156.282
0.959716 159.588
1 162.948
1.04197 166.303
1.08571 169.709
1.13128 173.166
1.17877 176.67
1.22825 180.221
1.2798 183.818
1.33352 187.457
1.3895 191.138
1.44782 194.858
1.50859 198.616
1.57191 202.409
1.63789 206.235
1.70664 210.092
1.77828 213.978
1.85292 217.891
1.9307 221.828
2.01174 225.775
2.09618 229.66
2.18417 233.565
2.27585 237.489
2.37137 241.428
2.47091 245.38
2.57463 249.344
2.6827 253.318
2.7953 257.299
2.91263 261.285
3.03489 265.275
3.16228 269.266
3.29501 273.257
3.43332 277.246
3.57743 281.232
3.72759 285.212
3.88406 289.185
4.04709 293.128
4.21697 297.01
4.39397 300.883
4.57841 304.747
4.77058 308.6
4.97083 312.442
5.17947 316.271
5.39688 320.085
5.62341 323.885
5.85945 327.669
6.1054 331.436
6.36167 335.186
6.6287 338.918
6.90694 342.632
7.19686 346.243
7.49894 349.8
7.81371 353.343
8.14168 356.871
8.48343 360.385
8.83952 363.882
9.21055 367.363
9.59716 370.827
10 374.274
10.4197 374.062
10.8571 374.005
11.3128 373.996
11.7877 374.03
12.2825 374.104
12.798 374.213
13.3352 374.354
13.895 374.522
14.4782 374.715
15.0859 374.93
15.7191 375.164
16.3789 375.414
17.0664 375.678
17.7828 375.953
18.5292 376.239
19.307 376.533
20.1174 376.833
20.9618 377.137
21.8417 377.446
22.7585 377.756
23.7137 378.068
24.7091 378.38
25.7463 378.691
26.827 379
27.953 379.307
29.1263 379.611
30.3489 379.912
31.6228 380.208
32.9501 380.5
34.3332 380.787
35.7743 381.069
37.2759 381.346
38.8406 381.617
40.4709 381.882
42.1697 382.141
43.9397 382.394
45.7841 382.641
47.7058 382.881
49.7083 383.115
51.7947 383.343
53.9688 383.565
56.2341 383.78
58.5945 383.989
61.054 384.192
63.6167 384.389
66.287 384.58
69.0694 384.764
71.9686 384.943
74.9894 385.117
78.1371 385.284
81.4168 385.446
84.8343 385.603
88.3952 385.755
92.1055 385.901
95.9716 386.042
100 386.178
