0.0001 0.0658534
0.000104197 0.0685151
0.000108571 0.0712815
0.000113128 0.0741595
0.000117877 0.0771566
0.000122825 0.0802813
0.00012798 0.083543
0.000133352 0.0869523
0.00013895 0.0905213
0.000144782 0.0942632
0.000150859 0.0981935
0.000157191 0.102329
0.000163789 0.106691
0.000170664 0.1113
0.000177828 0.116183
0.000185292 0.121369
0.00019307 0.126893
0.000201174 0.132523
0.000209618 0.136761
0.000218417 0.141143
0.000227585 0.14568
0.000237137 0.150382
0.000247091 0.155263
0.000257463 0.160336
0.00026827 0.165617
0.00027953 0.171123
0.000291263 0.176874
0.000303489 0.182893
0.000316228 0.189204
0.000329501 0.195836
0.000343332 0.202821
0.000357743 0.210196
0.000372759 0.218002
0.000388406 0.226289
0.000404709 0.234261
0.000421697 0.240423
0.000439397 0.24679
0.000457841 0.253378
0.000477058 0.260203
0.000497083 0.267285
0.000517947 0.274646
0.000539688 0.28231
0.000562341 0.290304
0.000585945 0.298657
0.00061054 0.307405
0.000636167 0.316584
0.00066287 0.326238
0.000690694 0.336415
0.000719686 0.345176
0.000749894 0.353299
0.000781371 0.361712
0.000814168 0.37044
0.000848343 0.379508
0.000883952 0.388947
0.000921055 0.398789
0.000959716 0.409071
0.001 0.419833
0.00104197 0.427803
0.00108571 0.435982
0.00113128 0.444384
0.00117877 0.453027
0.00122825 0.461927
0.0012798 0.471105
0.00133352 0.480582
0.0013895 0.490381
0.00144782 0.500529
0.00150859 0.511053
0.00157191 0.521986
0.00163789 0.533361
0.00170664 0.545217
0.00177828 0.557596
0.00185292 0.570547
0.0019307 0.584122
0.00201174 0.597589
0.00209618 0.60672
0.00218417 0.616061
0.00227585 0.625627
0.00237137 0.635433
0.00247091 0.645496
0.00257463 0.655834
0.0026827 0.666467
0.0027953 0.677417
0.00291263 0.688706
0.00303489 0.700359
0.00316228 0.712404
0.00329501 0.724871
0.00343332 0.737793
0.00357743 0.751205
0.00372759 0.765147
0.00388406 0.779662
0.00404709 0.793252
0.00421697 0.80332
0.00439397 0.813599
0.00457841 0.824103
0.00477058 0.834846
0.00497083 0.845844
0.00517947 0.857114
0.00539688 0.868672
0.00562341 0.880538
0.00585945 0.892733
0.0061054 0.905278
0.00636167 0.918197
0.0066287 0.931516
0.00690694 0.945262
0.00719686 0.957013
0.00749894 0.967832
0.00781371 0.978872
0.00814168 0.990147
0.00848343 1.00167
0.00883952 1.01345
0.00921055 1.02552
0.00959716 1.03788
0.01 1.05055
0.0104197 1.06062
0.0108571 1.07084
0.0113128 1.08123
0.0117877 1.09178
0.0122825 1.1025
0.012798 1.11342
0.0133352 1.12453
0.013895 1.13584
0.0144782 1.14737
0.0150859 1.15913
0.0157191 1.17113
0.0163789 1.18339
0.0170664 1.19591
0.0177828 1.20871
0.0185292 1.22181
0.019307 1.23522
0.0201174 1.24852
0.0209618 1.25942
0.0218417 1.27049
0.0227585 1.28174
0.0237137 1.29317
0.0247091 1.30479
0.0257463 1.31661
0.026827 1.32865
0.027953 1.3409
0.0291263 1.35338
0.0303489 1.36611
0.0316228 1.37908
0.0329501 1.39232
0.0343332 1.40583
0.0357743 1.41963
0.0372759 1.43373
0.0388406 1.44815
0.0404709 1.46242
0.0421697 1.4758
0.0439397 1.48945
0.0457841 1.50337
0.0477058 1.51758
0.0497083 1.53209
0.0517947 1.54692
0.0539688 1.56208
0.0562341 1.57758
0.0585945 1.59344
0.061054 1.60966
0.0636167 1.62628
0.066287 1.6433
0.0690694 1.66074
0.0719686 1.67809
0.0749894 1.69561
0.0781371 1.71357
0.0814168 1.73198
0.0848343 1.75086
0.0883952 1.77024
0.0921055 1.79012
0.0959716 1.81053
0.1 1.8315
0.104197 1.85252
0.108571 1.87412
0.113128 1.89631
0.117877 1.91912
0.122825 1.94257
0.12798 1.96668
0.133352 1.99149
0.13895 2.01701
0.144782 2.04327
0.150859 2.07029
0.157191 2.09811
0.163789 2.12676
0.170664 2.15625
0.177828 2.18662
0.185292 2.2179
0.19307 2.25011
0.201174 2.28329
0.209618 2.31739
0.218417 2.35251
0.227585 2.3887
0.237137 2.42596
0.247091 2.46435
0.257463 2.50389
0.26827 2.5446
0.27953 2.58653
0.291263 2.6297
0.303489 2.67413
0.316228 2.71987
0.329501 2.76694
0.343332 2.81537
0.357743 2.86518
0.372759 2.9164
0.388406 2.96906
0.404709 3.02333
0.421697 3.07948
0.439397 3.13715
0.457841 3.19636
0.477058 3.25712
0.497083 3.31944
0.517947 3.38336
0.539688 3.44886
0.562341 3.51597
0.585945 3.58468
0.61054 3.65501
0.636167 3.72695
0.66287 3.80051
0.690694 3.87567
0.719686 3.95319
0.749894 4.03266
0.781371 4.11372
0.814168 4.19634
0.848343 4.28051
0.883952 4.36621
0.921055 4.45339
0.959716 4.54204
1 4.63213
1.04197 4.72567
1.08571 4.82057
1.13128 4.91678
1.17877 5.01425
1.22825 5.11294
1.2798 5.21279
1.33352 5.31375
1.3895 5.41576
1.44782 5.51878
1.50859 5.62274
1.57191 5.72758
1.63789 5.83324
1.70664 5.93966
1.77828 6.04678
1.85292 6.15454
1.9307 6.26287
2.01174 6.37225
2.09618 6.48524
2.18417 6.59854
2.27585 6.71209
2.37137 6.82581
2.47091 6.93966
2.57463 7.05358
2.6827 7.1675
2.7953 7.28138
2.91263 7.39515
3.03489 7.50877
3.16228 7.62219
3.29501 7.73536
3.43332 7.84824
3.57743 7.96078
3.72759 8.07295
3.88406 8.1847
4.04709 8.29719
4.21697 8.41205
4.39397 8.52624
4.57841 8.63973
4.77058 8.7525
4.97083 8.86453
5.17947 8.97579
5.39688 9.08628
5.62341 9.19598
5.85945 9.30488
6.1054 9.41297
6.36167 9.52024
6.6287 9.6267
6.90694 9.73232
7.19686 9.83917
7.49894 9.94606
7.81371 10.052
8.14168 10.1569
8.48343 10.2609
8.83952 10.3639
9.21055 10.4661
9.59716 10.5672
10 10.6675
10.4197 10.8935
10.8571 11.1006
11.3128 11.2951
11.7877 11.4778
12.2825 11.6492
12.798 11.8101
13.3352 11.9612
13.895 12.103
14.4782 12.236
15.0859 12.3609
15.7191 12.4781
16.3789 12.5881
17.0664 12.6913
17.7828 12.7882
18.5292 12.8792
19.307 12.9646
20.1174 13.0447
20.9618 13.12
21.8417 13.1907
22.7585 13.2571
23.7137 13.3195
24.7091 13.3781
25.7463 13.4331
26.827 13.4849
27.953 13.5335
29.1263 13.5793
30.3489 13.6223
31.6228 13.6628
32.9501 13.7008
34.3332 13.7367
35.7743 13.7704
37.2759 13.8022
38.8406 13.8321
40.4709 13.8603
42.1697 13.8869
43.9397 13.9119
45.7841 13.9355
47.7058 13.9578
49.7083 13.9788
51.7947 13.9986
53.9688 14.0173
56.2341 14.035
58.5945 14.0517
61.054 14.0675
63.6167 14.0824
66.287 14.0965
69.0694 14.1099
71.9686 14.1225
74.9894 14.1344
78.1371 14.1457
81.4168 14.1564
84.8343 14.1666
88.3952 14.1762
92.1055 14.1853
95.9716 14.1939
100 14.2021
