0.0001 0.052675
0.00013895 0.078671
0.00019307 0.116244
0.00026827 0.198091
0.000372759 0.452209
0.000517947 0.877575
0.000719686 1.73614
0.001 2.70347
0.0013895 3.58359
0.0019307 5.16378
0.0026827 6.57539
0.00372759 8.58237
0.00517947 10.6655
0.00719686 13.3472
0.01 16.1914
0.013895 18.9075
0.019307 22.9023
0.026827 26.642
0.0372759 31.6466
0.0517947 36.9551
0.0719686 43.6008
0.1 50.9768
0.13895 59.0573
0.19307 69.7901
0.26827 81.9759
0.372759 97.3096
0.517947 115.643
0.719686 137.641
1 162.948
1.3895 191.138
1.9307 221.828
2.6827 253.318
3.72759 285.212
5.17947 316.271
7.19686 346.243
10 374.274
13.895 374.522
19.307 376.533
26.827 379
37.2759 381.346
51.7947 383.343
71.9686 384.943
100 386.178
