0.0001 0.025468
0.00013895 0.0351021
0.00019307 0.0494377
0.00026827 0.0657543
0.000372759 0.0896003
0.000517947 0.117668
0.000719686 0.157423
0.001 0.204693
0.0013895 0.251956
0.0019307 0.328439
0.0026827 0.39794
0.00372759 0.496936
0.00517947 0.594119
0.00719686 0.713635
0.01 0.827326
0.013895 0.922678
0.019307 1.04984
0.026827 1.15498
0.0372759 1.27793
0.0517947 1.39796
0.0719686 1.53316
0.1 1.68114
0.13895 1.85275
0.19307 2.06853
0.26827 2.337
0.372759 2.67537
0.517947 3.10293
0.719686 3.62586
1 4.25361
1.3895 4.98914
1.9307 5.78214
2.6827 6.64274
3.72759 7.50124
5.17947 8.37277
7.19686 9.20486
10 10.011
13.895 12.103
19.307 12.9646
26.827 13.4849
37.2759 13.8022
51.7947 13.9986
71.9686 14.1225
100 14.2021
