0.0001 0.0519463
0.000104197 0.0548292
0.000108571 0.0578611
0.000113128 0.061051
0.000117877 0.0644088
0.000122825 0.0679453
0.00012798 0.0716726
0.000133352 0.0756042
0.00013895 0.0797551
0.000144782 0.084142
0.000150859 0.088784
0.000157191 0.0937022
0.000163789 0.098921
0.000170664 0.104468
0.000177828 0.110374
0.000185292 0.116677
0.00019307 0.123417
0.000201174 0.130464
0.000209618 0.136832
0.000218417 0.143535
0.000227585 0.150603
0.000237137 0.158067
0.000247091 0.165964
0.000257463 0.174334
0.00026827 0.183226
0.00027953 0.192694
0.000291263 0.202801
0.000303489 0.213623
0.000316228 0.225245
0.000329501 0.23777
0.000343332 0.251318
0.000357743 0.266035
0.000372759 0.282093
0.000388406 0.299705
0.000404709 0.317256
0.000421697 0.331313
0.000439397 0.346213
0.000457841 0.362048
0.000477058 0.378924
0.000497083 0.396965
0.000517947 0.416316
0.000539688 0.437146
0.000562341 0.459659
0.000585945 0.484094
0.00061054 0.510741
0.000636167 0.539952
0.00066287 0.572158
0.000690694 0.60789
0.000719686 0.638372
0.000749894 0.666598
0.000781371 0.696902
0.000814168 0.729563
0.000848343 0.764909
0.000883952 0.803335
0.000921055 0.845313
0.000959716 0.891421
0.001 0.942365
0.00104197 0.975441
0.00108571 1.01039
0.00113128 1.04742
0.00117877 1.08676
0.00122825 1.12869
0.0012798 1.17351
0.00133352 1.2216
0.0013895 1.27339
0.00144782 1.32939
0.00150859 1.39021
0.00157191 1.45657
0.00163789 1.52936
0.00170664 1.60965
0.00177828 1.69878
0.00185292 1.7984
0.0019307 1.91062
0.00201174 2.02747
0.00209618 2.08941
0.00218417 2.15486
0.00227585 2.22421
0.00237137 2.29787
0.00247091 2.37637
0.00257463 2.46026
0.0026827 2.55023
0.0027953 2.64706
0.00291263 2.75167
0.00303489 2.86515
0.00316228 2.98881
0.00329501 3.12421
0.00343332 3.27325
0.00357743 3.43825
0.00372759 3.62211
0.00388406 3.82842
0.00404709 4.02374
0.00421697 4.13836
0.00439397 4.25988
0.00457841 4.38904
0.00477058 4.52672
0.00497083 4.6739
0.00517947 4.83175
0.00539688 5.0016
0.00562341 5.18503
0.00585945 5.38389
0.0061054 5.60037
0.00636167 5.8371
0.0066287 6.09725
0.00690694 6.38466
0.00719686 6.60621
0.00749894 6.7956
0.00781371 6.99741
0.00814168 7.21306
0.00848343 7.44417
0.00883952 7.69264
0.00921055 7.96066
0.00959716 8.2508
0.01 8.5661
0.0104197 8.75372
0.0108571 8.95056
0.0113128 9.15746
0.0117877 9.37533
0.0122825 9.6052
0.012798 9.84823
0.0133352 10.1057
0.013895 10.3791
0.0144782 10.6701
0.0150859 10.9805
0.0157191 11.3126
0.0163789 11.6688
0.0170664 12.0521
0.0177828 12.4656
0.0185292 12.9133
0.019307 13.3999
0.0201174 13.8899
0.0209618 14.1616
0.0218417 14.4457
0.0227585 14.7429
0.0237137 15.0545
0.0247091 15.3814
0.0257463 15.7251
0.026827 16.0868
0.027953 16.4682
0.0291263 16.871
0.0303489 17.297
0.0316228 17.7485
0.0329501 18.2278
0.0343332 18.7377
0.0357743 19.281
0.0372759 19.8614
0.0388406 20.4826
0.0404709 21.0644
0.0421697 21.461
0.0439397 21.8744
0.0457841 22.3059
0.0477058 22.7566
0.0497083 23.2277
0.0517947 23.7208
0.0539688 24.2373
0.0562341 24.7788
0.0585945 25.3472
0.061054 25.9443
0.0636167 26.5722
0.066287 27.2333
0.0690694 27.93
0.0719686 28.5187
0.0749894 29.0607
0.0781371 29.6244
0.0814168 30.2109
0.0848343 30.8216
0.0883952 31.4577
0.0921055 32.1206
0.0959716 32.8117
0.1 33.5326
0.104197 34.1044
0.108571 34.6957
0.113128 35.3073
0.117877 35.94
0.122825 36.5946
0.12798 37.2721
0.133352 37.9734
0.13895 38.6995
0.144782 39.4512
0.150859 40.2296
0.157191 41.0357
0.163789 41.8706
0.170664 42.7353
0.177828 43.6308
0.185292 44.5583
0.19307 45.5189
0.201174 46.4891
0.209618 47.3412
0.218417 48.2202
0.227585 49.1266
0.237137 50.0615
0.247091 51.0254
0.257463 52.0192
0.26827 53.0436
0.27953 54.0995
0.291263 55.1876
0.303489 56.3086
0.316228 57.4632
0.329501 58.6522
0.343332 59.8762
0.357743 61.1359
0.372759 62.4319
0.388406 63.7648
0.404709 65.1227
0.421697 66.4861
0.439397 67.8866
0.457841 69.3247
0.477058 70.8006
0.497083 72.3149
0.517947 73.8676
0.539688 75.4592
0.562341 77.0899
0.585945 78.7596
0.61054 80.4685
0.636167 82.2167
0.66287 84.0039
0.690694 85.8302
0.719686 87.7287
0.749894 89.6826
0.781371 91.6754
0.814168 93.7066
0.848343 95.7756
0.883952 97.8818
0.921055 100.025
0.959716 102.203
1 104.417
1.04197 106.808
1.08571 109.233
1.13128 111.69
1.17877 114.179
1.22825 116.698
1.2798 119.246
1.33352 121.821
1.3895 124.422
1.44782 127.047
1.50859 129.695
1.57191 132.364
1.63789 135.052
1.70664 137.759
1.77828 140.482
1.85292 143.22
1.9307 145.972
2.01174 148.779
2.09618 151.856
2.18417 154.938
2.27585 158.022
2.37137 161.106
2.47091 164.19
2.57463 167.271
2.6827 170.347
2.7953 173.418
2.91263 176.481
3.03489 179.537
3.16228 182.582
3.29501 185.617
3.43332 188.639
3.57743 191.649
3.72759 194.645
3.88406 197.626
4.04709 200.696
4.21697 204.007
4.39397 207.288
4.57841 210.541
4.77058 213.763
4.97083 216.954
5.17947 220.116
5.39688 223.246
5.62341 226.346
5.85945 229.416
6.1054 232.454
6.36167 235.463
6.6287 238.441
6.90694 241.389
7.19686 244.518
7.49894 247.707
7.81371 250.853
8.14168 253.959
8.48343 257.023
8.83952 260.048
9.21055 263.034
9.59716 265.982
10 268.893
10.4197 374.062
10.8571 374.005
11.3128 373.996
11.7877 374.03
12.2825 374.104
12.798 374.213
13.3352 374.354
13.895 374.522
14.4782 374.715
15.0859 374.93
15.7191 375.164
16.3789 375.414
17.0664 375.678
17.7828 375.953
18.5292 376.239
19.307 376.533
20.1174 376.833
20.9618 377.137
21.8417 377.446
22.7585 377.756
23.7137 378.068
24.7091 378.38
25.7463 378.691
26.827 379
27.953 379.307
29.1263 379.611
30.3489 379.912
31.6228 380.208
32.9501 380.5
34.3332 380.787
35.7743 381.069
37.2759 381.346
38.8406 381.617
40.4709 381.882
42.1697 382.141
43.9397 382.394
45.7841 382.641
47.7058 382.881
49.7083 383.115
51.7947 383.343
53.9688 383.565
56.2341 383.78
58.5945 383.989
61.054 384.192
63.6167 384.389
66.287 384.58
69.0694 384.764
71.9686 384.943
74.9894 385.117
78.1371 385.284
81.4168 385.446
84.8343 385.603
88.3952 385.755
92.1055 385.901
95.9716 386.042
100 386.178
