0.0001 0.0519463
0.00013895 0.0797551
0.00019307 0.123417
0.00026827 0.183226
0.000372759 0.282093
0.000517947 0.416316
0.000719686 0.638372
0.001 0.942365
0.0013895 1.27339
0.0019307 1.91062
0.0026827 2.55023
0.00372759 3.62211
0.00517947 4.83175
0.00719686 6.60621
0.01 8.5661
0.013895 10.3791
0.019307 13.3999
0.026827 16.0868
0.0372759 19.8614
0.0517947 23.7208
0.0719686 28.5187
0.1 33.5326
0.13895 38.6995
0.19307 45.5189
0.26827 53.0436
0.372759 62.4319
0.517947 73.8676
0.719686 87.7287
1 104.417
1.3895 124.422
1.9307 145.972
2.6827 170.347
3.72759 194.645
5.17947 220.116
7.19686 244.518
10 268.893
13.895 374.522
19.307 376.533
26.827 379
37.2759 381.346
51.7947 383.343
71.9686 384.943
100 386.178
